1
7
7
9
11
11
13
15
19
19
21
23
23
25
27
27
29
31
31
37
39
41
43
45
45
47
53
55
57
59
61
63
65
67
67
71
73
75
75
77
79
83
85
87
89
91
93
95
97
103
105
105
107
109
111
113
115
119
121
123
125
127
131
131
133
135
135
137
139
139
141
143
147
149
151
151
153
155
155
157
157
159
165
167
167
169
171
173
175
183
185
187
187
189
189
191
193
195
199
201
203
205
207
209
211
211
213
215
217
219
221
223
227
229
229
231
233
233
235
235
237
239
243
243
243
245
247
249
251
253
255
259
259
261
261
263
265
267
269
271
277
279
281
281
283
285
287
291
293
293
295
297
299
301
303
303
307
309
311
313
315
317
319
323
325
327
329
331
333
335
339
341
341
343
345
347
349
351
357
359
359
361
363
365
367
371
373
375
375
377
379
381
383
389
391
393
393
395
397
399
